3 
260 

4 
106 

6 7 8 9 10 
265 264 263 262 261 

11 
107 

14 15 16 17 18 19 20 21 22 23 24 
256 255 254 253 252 251 250 249 248 247 246 

28 29 30 
40 39 38 

43 44 45 46 47 
65 64 63 62 61 

51 52 53 54 55 56 57 
204 203 202 201 200 199 198 

68 69 70 
118 117 116 

74 75 76 
112 111 110 

79 80 81 82 83 84 85 86 87 88 
102 101 100 99 98 97 96 95 94 93 

122 123 124 125 126 127 
242 241 240 239 238 237 

128 129 130 131 132 
233 232 231 230 229 

134 
140 

144 145 146 147 148 
228 227 226 225 224 

154 
179 

155 156 157 
220 219 218 

160 161 162 163 164 165 166 167 
215 214 213 212 211 210 209 208 

168 169 170 171 
196 195 194 193 

174 175 176 177 
189 188 187 186 

266 
285 

270 271 272 273 
281 280 279 278 

286 
418 

293 294 295 
322 321 320 

297 
319 

302 303 304 305 306 
315 314 313 312 311 

327 328 329 330 331 
353 352 351 350 349 

333 
348 

334 335 336 337 
345 344 343 342 

355 356 357 358 359 360 361 362 363 364 
386 385 384 383 382 381 380 379 378 377 

365 366 367 
374 373 372 

389 390 391 
415 414 413 

392 393 394 395 396 
410 409 408 407 406 

398 399 
405 404 

