8 9 10 11 
24 23 22 21 

14 
919 

16 17 18 
917 916 915 

26 27 28 29 
555 554 553 552 

31 32 33 34 35 
551 550 549 548 547 

38 39 40 41 42 43 
402 401 400 399 398 397 

44 45 
395 394 

46 
360 

51 52 53 
358 357 356 

55 56 57 
355 354 353 

60 61 62 
105 104 103 

65 66 
102 101 

68 69 
98 97 

72 73 74 
96 95 94 

75 76 
92 91 

78 79 80 81 
89 88 87 86 

112 113 114 
313 312 311 

121 122 123 124 125 126 127 
238 237 236 235 234 233 232 

130 
230 

135 136 137 138 139 140 141 
226 225 224 223 222 221 220 

143 
177 

145 146 
175 174 

152 153 154 155 156 157 
167 166 165 164 163 162 

183 184 185 
192 191 190 

197 198 199 200 201 
218 217 216 215 214 

205 206 
212 211 

239 240 241 
285 284 283 

246 247 248 
276 275 274 

251 252 253 254 255 256 257 258 
273 272 271 270 269 268 267 266 

288 289 290 291 
310 309 308 307 

292 293 294 295 
303 302 301 300 

315 316 317 318 319 
336 335 334 333 332 

338 339 340 341 
349 348 347 346 

366 
392 

368 369 370 
391 390 389 

374 
388 

375 376 377 378 
386 385 384 383 

405 406 407 408 
435 434 433 432 

415 416 417 418 
426 425 424 423 

438 439 
497 496 

441 442 443 444 445 
491 490 489 488 487 

449 
482 

454 455 456 457 
476 475 474 473 

458 459 
471 470 

461 
469 

499 500 501 502 503 
544 543 542 541 540 

504 505 506 
525 524 523 

510 511 512 513 514 
539 538 537 536 535 

520 521 
527 526 

566 567 568 
882 881 880 

569 570 
865 864 

574 
879 

576 577 578 579 
763 762 761 760 

583 584 585 
756 755 754 

587 588 589 590 591 592 593 
650 649 648 647 646 645 644 

595 596 
643 642 

597 598 
639 638 

600 601 602 603 
636 635 634 633 

609 
628 

611 612 613 614 615 616 
627 626 625 624 623 622 

653 
753 

654 655 656 657 
750 749 748 747 

658 659 
745 744 

661 
742 

665 666 667 668 669 670 671 
739 738 737 736 735 734 733 

672 
716 

676 677 678 679 680 681 682 683 
712 711 710 709 708 707 706 705 

687 688 
698 697 

724 725 
731 730 

768 769 770 771 772 
809 808 807 806 805 

778 
802 

782 783 784 785 
798 797 796 795 

816 
1528 

820 821 822 823 824 825 
878 877 876 875 874 873 

828 829 830 831 832 833 834 835 836 837 838 839 
856 855 854 853 852 851 850 849 848 847 846 845 

860 861 
867 866 

884 885 886 
911 910 909 

893 894 895 896 
904 903 902 901 

920 921 
1395 1394 

922 923 
1392 1391 

927 
1389 

928 929 930 931 932 
1387 1386 1385 1384 1383 

934 935 
1379 1378 

938 939 940 
1343 1342 1341 

942 
1339 

945 946 947 948 949 950 951 952 
1234 1233 1232 1231 1230 1229 1228 1227 

953 954 
1225 1224 

961 962 
972 971 

983 984 985 986 987 988 989 
1220 1219 1218 1217 1216 1215 1214 

992 
1044 

997 
1042 

998 999 1000 1001 1002 
1040 1039 1038 1037 1036 

1005 1006 1007 1008 1009 1010 1011 
1022 1021 1020 1019 1018 1017 1016 

1026 1027 
1033 1032 

1046 1047 
1209 1208 

1049 1050 1051 
1207 1206 1205 

1055 1056 
1203 1202 

1057 1058 1059 
1198 1197 1196 

1060 
1194 

1067 1068 1069 1070 1071 1072 
1106 1105 1104 1103 1102 1101 

1073 1074 1075 
1082 1081 1080 

1086 1087 1088 
1097 1096 1095 

1113 1114 1115 
1185 1184 1183 

1117 1118 1119 1120 1121 1122 1123 
1154 1153 1152 1151 1150 1149 1148 

1127 1128 
1143 1142 

1131 1132 1133 
1141 1140 1139 

1157 
1180 

1161 1162 1163 1164 
1173 1172 1171 1170 

1236 
1336 

1240 1241 1242 1243 1244 1245 1246 
1295 1294 1293 1292 1291 1290 1289 

1252 1253 1254 
1283 1282 1281 

1257 1258 
1276 1275 

1262 1263 1264 
1271 1270 1269 

1302 
1333 

1307 1308 1309 1310 1311 1312 1313 
1328 1327 1326 1325 1324 1323 1322 

1349 1350 1351 1352 1353 1354 1355 
1371 1370 1369 1368 1367 1366 1365 

1398 
1503 

1400 
1500 

1403 1404 
1496 1495 

1406 
1493 

1408 1409 1410 1411 
1490 1489 1488 1487 

1413 1414 1415 
1485 1484 1483 

1418 1419 1420 1421 1422 1423 1424 1425 1426 1427 1428 1429 
1480 1479 1478 1477 1476 1475 1474 1473 1472 1471 1470 1469 

1434 1435 1436 1437 1438 1439 
1465 1464 1463 1462 1461 1460 

1441 1442 1443 1444 
1459 1458 1457 1456 

1447 1448 
1454 1453 

1506 1507 1508 1509 1510 1511 1512 1513 1514 
1527 1526 1525 1524 1523 1522 1521 1520 1519 

